[{"id": 0, "img_name": "0001.jpg", "width": 1920, "height": 1440, "position": [-0.9193812912191506, 0.20797272919793777, 1.1238774019734283], "rotation": [[0.2467000897485339, -0.6651380624718106, 0.7047910495808749], [-0.697718114034482, 0.3828203421247561, 0.6055064153282358], [-0.6725537146326904, -0.6411239689067402, -0.3696370617606394]], "fy": 1670.882285160553, "fx": 1670.882285160553}, {"id": 1, "img_name": "0002.jpg", "width": 1920, "height": 1440, "position": [-0.9007350638767937, 0.19991117921163165, 1.103890201604756], "rotation": [[0.24100390347381775, -0.666865390354807, 0.7051295410471141], [-0.6974884209963733, 0.3861917934922755, 0.6036272038395931], [-0.6748533330186409, -0.6372962025511769, -0.3720571584145116]], "fy": 1670.882285160553, "fx": 1670.882285160553}, {"id": 2, "img_name": "0003.jpg", "width": 1920, "height": 1440, "position": [-0.9004980931279624, 0.18813671792936196, 1.106782922479119], "rotation": [[0.24246661472131484, -0.6653408251849248, 0.7060676505037097], [-0.6961182127607058, 0.3876083594451845, 0.6043005821203992], [-0.6757435716367755, -0.6380292673776463, -0.3691737793521066]], "fy": 1670.882285160553, "fx": 1670.882285160553}, {"id": 3, "img_name": "0004.jpg", "width": 1920, "height": 1440, "position": [-0.8992169097316959, 0.17384125646741297, 1.101985862081572], "rotation": [[0.26308560653313856, -0.6643543299990051, 0.699585082635889], [-0.6784639237103335, 0.388133433392366, 0.6237300234128808], [-0.6859101018782776, -0.6387376316568697, -0.34862812572525453]], "fy": 1670.882285160553, "fx": 1670.882285160553}, {"id": 4, "img_name": "0005.jpg", "width": 1920, "height": 1440, "position": [-0.8907395691474768, 0.1443755504576527, 1.085263532798127], "rotation": [[0.28809480660875364, -0.6663519229249256, 0.6877328676305349], [-0.6561560461328884, 0.3857216068116347, 0.6485970129147262], [-0.6974672935187137, -0.6381175102227683, -0.32610645136025074]], "fy": 1670.882285160553, "fx": 1670.882285160553}, {"id": 5, "img_name": "0006.jpg", "width": 1920, "height": 1440, "position": [-0.8847259731377639, 0.12523014412967537, 1.0726973360053338], "rotation": [[0.3032304624442473, -0.6696388829832697, 0.6779639024629311], [-0.6428632229694027, 0.38141728731150215, 0.6642648037442052], [-0.7034046937569015, -0.6372633830190261, -0.3148288701245583]], "fy": 1670.882285160553, "fx": 1670.882285160553}, {"id": 6, "img_name": "0007.jpg", "width": 1920, "height": 1440, "position": [-0.8728283437811769, 0.11593768294003004, 1.0583153243246894], "rotation": [[0.3093911988675725, -0.6732119132510636, 0.6716120948286509], [-0.6436915742839512, 0.3715973827602135, 0.6690116159840638], [-0.6999558866522478, -0.6392973525540377, -0.31837187651905335]], "fy": 1670.882285160553, "fx": 1670.882285160553}, {"id": 7, "img_name": "0008.jpg", "width": 1920, "height": 1440, "position": [-0.8564673009217962, 0.1034133509585459, 1.0297835656570837], "rotation": [[0.3184281698870458, -0.6779553835012466, 0.662555656985935], [-0.6453194587104583, 0.3569483835701009, 0.6753892564116881], [-0.6943819531295636, -0.6426230228122624, -0.3238353805864993]], "fy": 1670.882285160553, "fx": 1670.882285160553}, {"id": 8, "img_name": "0009.jpg", "width": 1920, "height": 1440, "position": [-0.8369354918449521, 0.08349860512871518, 1.0001693831628826], "rotation": [[0.3454054032733973, -0.674341952675787, 0.652654608695096], [-0.6456663906133072, 0.33393144229819766, 0.6867348133574052], [-0.6810359898139936, -0.6585990606628985, -0.32005821013062885]], "fy": 1670.882285160553, "fx": 1670.882285160553}, {"id": 9, "img_name": "0010.jpg", "width": 1920, "height": 1440, "position": [-0.7999138862138607, 0.054446037687818756, 0.965512199417088], "rotation": [[0.37244212688483513, -0.6710775506396424, 0.6410474109993728], [-0.6389733455593309, 0.31552234772122045, 0.7015402424331801], [-0.6730526916863313, -0.6708953488555331, -0.3112868533969859]], "fy": 1670.882285160553, "fx": 1670.882285160553}, {"id": 10, "img_name": "0011.jpg", "width": 1920, "height": 1440, "position": [-0.7897289833149382, 0.014015046243437534, 0.9402842592576844], "rotation": [[0.4136249464835032, -0.6610458828771971, 0.62604532134473], [-0.6283931795889024, 0.2902944197350254, 0.7217001882477613], [-0.6588144014004766, -0.6919158117876856, -0.2953237103679955]], "fy": 1670.882285160553, "fx": 1670.882285160553}, {"id": 11, "img_name": "0012.jpg", "width": 1920, "height": 1440, "position": [-0.783297943412332, -0.046320555623170126, 0.9300333750096987], "rotation": [[0.4784930438978259, -0.6421129669066487, 0.5989451933789386], [-0.6056764426735114, 0.2525119588327637, 0.7545818427690938], [-0.6357676098479335, -0.7238291568987683, -0.2680874817880614]], "fy": 1670.882285160553, "fx": 1670.882285160553}, {"id": 12, "img_name": "0013.jpg", "width": 1920, "height": 1440, "position": [-0.7625702545603195, -0.10424577764211988, 0.8948372304116463], "rotation": [[0.5309038031946088, -0.6225492435128702, 0.5749552949187033], [-0.5832555939685421, 0.22376775927923234, 0.7808590794833309], [-0.6147796872521918, -0.7499069470999085, -0.2443061743660854]], "fy": 1670.882285160553, "fx": 1670.882285160553}, {"id": 13, "img_name": "0014.jpg", "width": 1920, "height": 1440, "position": [-0.7344941097574439, -0.12178841293048089, 0.8728887724865791], "rotation": [[0.59496062046665, -0.5956389761733052, 0.5396629227185761], [-0.5475848562452, 0.19111487758515236, 0.8146323887352723], [-0.5883644153964979, -0.7801854354118828, -0.21245705699342757]], "fy": 1670.882285160553, "fx": 1670.882285160553}, {"id": 14, "img_name": "0015.jpg", "width": 1920, "height": 1440, "position": [-0.6718711032696714, -0.15500004220259575, 0.8651075584614373], "rotation": [[0.6254996809791538, -0.5830353939233733, 0.5184784262894587], [-0.5217776808813762, 0.18147852819884994, 0.8335547945617203], [-0.580084649709876, -0.7919187289333397, -0.19070009422015038]], "fy": 1670.882285160553, "fx": 1670.882285160553}, {"id": 15, "img_name": "0016.jpg", "width": 1920, "height": 1440, "position": [-0.6418603921504878, -0.20356379427656812, 0.8540949907011308], "rotation": [[0.6776252987983612, -0.5644559312510873, 0.47139522282676904], [-0.46642868949656224, 0.16570189179730208, 0.8688999716131399], [-0.5685668228475447, -0.8086608589082713, -0.15099464635140591]], "fy": 1670.882285160553, "fx": 1670.882285160553}, {"id": 16, "img_name": "0017.jpg", "width": 1920, "height": 1440, "position": [-0.5943769981383659, -0.27215234766586144, 0.8409414482892493], "rotation": [[0.7334044071690091, -0.530041567143466, 0.4256452897016164], [-0.41682240334166304, 0.14399208806160171, 0.8975106476516805], [-0.5370075042469651, -0.8356567570933405, -0.1153287679058741]], "fy": 1670.882285160553, "fx": 1670.882285160553}, {"id": 17, "img_name": "0018.jpg", "width": 1920, "height": 1440, "position": [-0.5990965309851526, -0.31403605512611993, 0.7928549887929205], "rotation": [[0.7975826684006995, -0.4924721898630949, 0.34832890962173646], [-0.33077122390211866, 0.12583274411304793, 0.9352841910068164], [-0.5044326362410688, -0.8611836405322781, -0.06253361315690527]], "fy": 1670.882285160553, "fx": 1670.882285160553}, {"id": 18, "img_name": "0019.jpg", "width": 1920, "height": 1440, "position": [-0.5608850352078992, -0.3460489917728346, 0.7410757389197951], "rotation": [[0.8299385621415928, -0.4478249149503057, 0.3326482054965827], [-0.3163923382814075, 0.11325077653754116, 0.9418440156896828], [-0.45945388380899416, -0.8869200117053371, -0.04769718534081391]], "fy": 1670.882285160553, "fx": 1670.882285160553}, {"id": 19, "img_name": "0020.jpg", "width": 1920, "height": 1440, "position": [-0.4870265684016364, -0.35633096283921534, 0.7188861525849329], "rotation": [[0.8457706829226457, -0.4223279759597718, 0.32605372660082277], [-0.31021400654395015, 0.10795732100786674, 0.9445170654809553], [-0.4340958673524913, -0.8999912763813476, -0.03970491638275511]], "fy": 1670.882285160553, "fx": 1670.882285160553}, {"id": 20, "img_name": "0021.jpg", "width": 1920, "height": 1440, "position": [-0.43183240088182573, -0.37694864340348533, 0.6699493506433671], "rotation": [[0.8683667829242967, -0.3876715900112955, 0.30927312946944074], [-0.2977531816123694, 0.09115302282169016, 0.950281100133103], [-0.3965881656749465, -0.9172796000830843, -0.03627619216509312]], "fy": 1670.882285160553, "fx": 1670.882285160553}, {"id": 21, "img_name": "0022.jpg", "width": 1920, "height": 1440, "position": [-0.3912179280081063, -0.39249997492865607, 0.6521462702793224], "rotation": [[0.8864016426067215, -0.37247041880484394, 0.2748780003919013], [-0.26523781201469504, 0.07801041652153115, 0.961021996622239], [-0.37939561286573054, -0.9247595157820664, -0.029644677578874182]], "fy": 1670.882285160553, "fx": 1670.882285160553}, {"id": 22, "img_name": "0023.jpg", "width": 1920, "height": 1440, "position": [-0.391138960355893, -0.39455522692353934, 0.6431075318786009], "rotation": [[0.9011322546093464, -0.35389489252863776, 0.2504377462460882], [-0.24609483338012492, 0.05802936916225491, 0.9675070673117789], [-0.35692855403607693, -0.9334832603516652, -0.03479956834417149]], "fy": 1670.882285160553, "fx": 1670.882285160553}, {"id": 23, "img_name": "0024.jpg", "width": 1920, "height": 1440, "position": [-0.3484622398930219, -0.4040716279872872, 0.6651266771008376], "rotation": [[0.9103189640479872, -0.3419861791852172, 0.23316268342274601], [-0.23234221901536156, 0.0439911676437631, 0.9716387551103322], [-0.34254412410318313, -0.9386747202389306, -0.039411833587746685]], "fy": 1670.882285160553, "fx": 1670.882285160553}, {"id": 24, "img_name": "0025.jpg", "width": 1920, "height": 1440, "position": [-0.3034760099042206, -0.3811569289155376, 0.6713270603146376], "rotation": [[0.921276357176577, -0.3231747122409491, 0.21635151738648872], [-0.21545975276456708, 0.038998972579104785, 0.9757336599074594], [-0.3237699316584048, -0.9455353962204448, -0.03370231220788812]], "fy": 1670.882285160553, "fx": 1670.882285160553}, {"id": 25, "img_name": "0026.jpg", "width": 1920, "height": 1440, "position": [-0.23667643716605977, -0.40176626172187796, 0.6264049944670125], "rotation": [[0.9302078537891812, -0.3084142608191557, 0.19898239236751417], [-0.19866446296616383, 0.032773698650371635, 0.9795194310635907], [-0.3086191502536601, -0.9506873978338772, -0.03078460161444834]], "fy": 1670.882285160553, "fx": 1670.882285160553}, {"id": 26, "img_name": "0027.jpg", "width": 1920, "height": 1440, "position": [-0.20257907481755558, -0.4127022871221058, 0.6164251203213208], "rotation": [[0.9456508087859399, -0.28215991305493304, 0.16164878999649313], [-0.16040206555863612, 0.027674566904064647, 0.9866637196690653], [-0.28287050960999927, -0.9589681443152869, -0.019088556296227098]], "fy": 1670.882285160553, "fx": 1670.882285160553}, {"id": 27, "img_name": "0028.jpg", "width": 1920, "height": 1440, "position": [-0.16818666354262365, -0.41900006968853204, 0.6095218369779324], "rotation": [[0.9645454400241223, -0.2432085786797302, 0.10247771165115588], [-0.10117218259946278, 0.01788688861232824, 0.9947081223574237], [-0.24375455605328267, -0.9698090773303557, -0.007353225884700874]], "fy": 1670.882285160553, "fx": 1670.882285160553}, {"id": 28, "img_name": "0029.jpg", "width": 1920, "height": 1440, "position": [-0.11236073828184787, -0.4214729806942368, 0.6065868044727654], "rotation": [[0.9799346574841402, -0.1906651876601797, 0.05809348737982122], [-0.05687803878984404, 0.011845883558912092, 0.9983108552681021], [-0.19103129524991966, -0.9815836496484731, 0.0007635299082909358]], "fy": 1670.882285160553, "fx": 1670.882285160553}, {"id": 29, "img_name": "0030.jpg", "width": 1920, "height": 1440, "position": [-0.06358234324903156, -0.4407771788622551, 0.6158962702659074], "rotation": [[0.9889208102254312, -0.1423183572933888, 0.04220327333736254], [-0.04191595545478337, 0.005017555260471396, 0.9991085410592387], [-0.14240324357748813, -0.989808218452706, -0.001003445111171381]], "fy": 1670.882285160553, "fx": 1670.882285160553}, {"id": 30, "img_name": "0031.jpg", "width": 1920, "height": 1440, "position": [0.004582126398142666, -0.4409611751416492, 0.5988854867143047], "rotation": [[0.9952926082960304, -0.09642161703117283, 0.009772187082641928], [-0.009976608396811871, -0.001638190345726297, 0.9999488905025535], [-0.09640068026824797, -0.9953392326747122, -0.002592439456190679]], "fy": 1670.882285160553, "fx": 1670.882285160553}, {"id": 31, "img_name": "0032.jpg", "width": 1920, "height": 1440, "position": [0.038684969184912196, -0.42924304885127457, 0.5737183637223654], "rotation": [[0.9962196125604081, -0.06567008014757234, -0.0568676017025673], [0.056413710562989695, -0.008746981481794728, 0.9983691619713982], [-0.0660604027425328, -0.9978030521542659, -0.005009221608773125]], "fy": 1670.882285160553, "fx": 1670.882285160553}, {"id": 32, "img_name": "0033.jpg", "width": 1920, "height": 1440, "position": [0.1187042955944653, -0.5061609950676151, 0.5389953270108442], "rotation": [[0.9940411475295445, -5.845994925743336e-05, -0.1090054750945132], [0.10900547109267268, -6.776336947659752e-05, 0.9940411473777084], [-6.549817331929356e-05, -0.9999999959952801, -6.098712324612617e-05]], "fy": 1670.882285160553, "fx": 1670.882285160553}, {"id": 33, "img_name": "0034.jpg", "width": 1920, "height": 1440, "position": [0.16227405826983282, -0.5132259159203364, 0.5340984800307473], "rotation": [[0.9846365880492866, 0.028516132350974496, -0.17227193523729065], [0.1721447548307092, 0.006874880324042573, 0.9850476736710791], [0.02927409877237158, -0.9995696905250134, 0.001860356093233894]], "fy": 1670.882285160553, "fx": 1670.882285160553}, {"id": 34, "img_name": "0035.jpg", "width": 1920, "height": 1440, "position": [0.2393097145179265, -0.4959050035391835, 0.5138174741776358], "rotation": [[0.9771559070464523, 0.04149891742369382, -0.20843265861396662], [0.20803695456145221, 0.013683800272452872, 0.9780252446368141], [0.04343913973620097, -0.9990448405666109, 0.004737897868648729]], "fy": 1670.882285160553, "fx": 1670.882285160553}, {"id": 35, "img_name": "0036.jpg", "width": 1920, "height": 1440, "position": [0.3319605524825748, -0.49954730276832676, 0.5194276566083671], "rotation": [[0.970852871471628, 0.060423977943578115, -0.23193457018040306], [0.23073787064610213, 0.02617864278114256, 0.9726637207749862], [0.06484394347197703, -0.9978294551433183, 0.011473510508634]], "fy": 1670.882285160553, "fx": 1670.882285160553}, {"id": 36, "img_name": "0037.jpg", "width": 1920, "height": 1440, "position": [0.3923969770037534, -0.48519546613369513, 0.5798244035662998], "rotation": [[0.9598023112697667, 0.07335322405086471, -0.2709221803443885], [0.2690411858843036, 0.03460138578017408, 0.9625069269361439], [0.0799772691405583, -0.9967055977686867, 0.013475451657866268]], "fy": 1670.882285160553, "fx": 1670.882285160553}, {"id": 37, "img_name": "0038.jpg", "width": 1920, "height": 1440, "position": [0.46828563684790736, -0.4459007058569214, 0.5833885648457837], "rotation": [[0.9419355641487301, 0.09324083214127812, -0.32258880980811433], [0.3194661025490988, 0.04708582638304036, 0.9464271415570849], [0.10343501493161034, -0.9945295733035937, 0.01456452919490942]], "fy": 1670.882285160553, "fx": 1670.882285160553}, {"id": 38, "img_name": "0039.jpg", "width": 1920, "height": 1440, "position": [0.5084406378330014, -0.44074692169505963, 0.5847279185086244], "rotation": [[0.9137156641564662, 0.13265659240355498, -0.3840910225024593], [0.3786879448288672, 0.06482503867570712, 0.9232514038992748], [0.1473741005617897, -0.9890399096358903, 0.00899620092223942]], "fy": 1670.882285160553, "fx": 1670.882285160553}, {"id": 39, "img_name": "0040.jpg", "width": 1920, "height": 1440, "position": [0.5439242814835472, -0.36312815122332603, 0.5959634461218197], "rotation": [[0.8984804168758274, 0.1515393488592295, -0.4120300550177864], [0.40453650662731533, 0.07879811543730668, 0.9111207778386443], [0.17053784124471422, -0.9853053753790492, 0.009495364803050127]], "fy": 1670.882285160553, "fx": 1670.882285160553}, {"id": 40, "img_name": "0041.jpg", "width": 1920, "height": 1440, "position": [0.5596350985004493, -0.3122054824777497, 0.631625782324757], "rotation": [[0.8884234269583218, 0.18010691205680654, -0.4222147731439453], [0.41131279918789704, 0.09598095926432616, 0.9064267409354804], [0.2037783002575302, -0.9789530916688814, 0.011191454601186212]], "fy": 1670.882285160553, "fx": 1670.882285160553}, {"id": 41, "img_name": "0042.jpg", "width": 1920, "height": 1440, "position": [0.5787809069294958, -0.2674590459193156, 0.6713241370477915], "rotation": [[0.8775950367292832, 0.1941471513618227, -0.4383307371451583], [0.4251277831619321, 0.10741398369297721, 0.8987372274981305], [0.2215701231934251, -0.9750739047504524, 0.01172863089862118]], "fy": 1670.882285160553, "fx": 1670.882285160553}, {"id": 42, "img_name": "0043.jpg", "width": 1920, "height": 1440, "position": [0.5703362474792305, -0.2172776301716528, 0.6823783464370173], "rotation": [[0.8663387475119173, 0.2181563439663991, -0.4492938728123241], [0.43439422236347036, 0.11484333594899047, 0.8933715172118168], [0.24649307117385374, -0.969133023777088, 0.004727376435197023]], "fy": 1670.882285160553, "fx": 1670.882285160553}, {"id": 43, "img_name": "0044.jpg", "width": 1920, "height": 1440, "position": [0.6122670408987433, -0.22354800792119278, 0.6731860197582582], "rotation": [[0.8283752982480286, 0.28414254222818974, -0.48276016918195624], [0.4602793571818547, 0.1459388954715005, 0.8756967238381203], [0.31927617920031004, -0.9476100751282986, -0.009892770622617114]], "fy": 1670.882285160553, "fx": 1670.882285160553}, {"id": 44, "img_name": "0045.jpg", "width": 1920, "height": 1440, "position": [0.6537816436451299, -0.22688422979879858, 0.6932288046878516], "rotation": [[0.7824024811767059, 0.335214075438685, -0.5248598680374813], [0.4947587883166349, 0.17728080195033555, 0.8507556985664577], [0.37823286323637956, -0.9253124017798712, -0.02714517047978606]], "fy": 1670.882285160553, "fx": 1670.882285160553}, {"id": 45, "img_name": "0046.jpg", "width": 1920, "height": 1440, "position": [0.7112091737798998, -0.16988959592714478, 0.7111951149486812], "rotation": [[0.7660567909033176, 0.34546960055778486, -0.5420403566168807], [0.5101727284567653, 0.1861780287282038, 0.8396794202300424], [0.39099971898952846, -0.9197763297178964, -0.03362622549120048]], "fy": 1670.882285160553, "fx": 1670.882285160553}, {"id": 46, "img_name": "0047.jpg", "width": 1920, "height": 1440, "position": [0.7450509316079832, -0.15378415460079845, 0.6887829443891892], "rotation": [[0.7272720107152638, 0.38061574812195337, -0.5711454059271972], [0.5330198711337895, 0.21103717892476628, 0.8193614135947547], [0.4323947726403449, -0.9003304734335286, -0.0493943235631628]], "fy": 1670.882285160553, "fx": 1670.882285160553}, {"id": 47, "img_name": "0048.jpg", "width": 1920, "height": 1440, "position": [0.7842287295939575, -0.14085784979865804, 0.7257194972224574], "rotation": [[0.6969053906366476, 0.4155072909783433, -0.5845310664502101], [0.53722989650937, 0.23747219879072035, 0.8093151383101842], [0.47508621827844383, -0.8780436469477693, -0.05772728346759337]], "fy": 1670.882285160553, "fx": 1670.882285160553}, {"id": 48, "img_name": "0049.jpg", "width": 1920, "height": 1440, "position": [0.8515407965669576, -0.13655956028597196, 0.7674073346187742], "rotation": [[0.6734137664538435, 0.43872885248257787, -0.5950049522060875], [0.5389892438942112, 0.25948423092895784, 0.8013479449437387], [0.5059688667465566, -0.860340007147481, -0.061729879188911214]], "fy": 1670.882285160553, "fx": 1670.882285160553}, {"id": 49, "img_name": "0050.jpg", "width": 1920, "height": 1440, "position": [0.9088268719322543, -0.07663430686268839, 0.7862173017773925], "rotation": [[0.6613177054142366, 0.44380039170264435, -0.6047314319846693], [0.5487462395476488, 0.2634105431859394, 0.7934056026527688], [0.5114063522170639, -0.8565372718469805, -0.06933574005495649]], "fy": 1670.882285160553, "fx": 1670.882285160553}, {"id": 50, "img_name": "0051.jpg", "width": 1920, "height": 1440, "position": [0.9484158463659429, -0.010692584493830615, 0.8396260656046399], "rotation": [[0.6337865026915526, 0.4516876224783832, -0.6279275123020461], [0.5665025305366549, 0.28169263554980645, 0.7744185831787421], [0.5266778445136808, -0.8465385701648975, -0.07734919082701135]], "fy": 1670.882285160553, "fx": 1670.882285160553}, {"id": 51, "img_name": "0052.jpg", "width": 1920, "height": 1440, "position": [0.9731882061368056, 0.06028137567216496, 0.8430284245907038], "rotation": [[0.5745214571558819, 0.4774552131810208, -0.6648019364244871], [0.5951684199075604, 0.3138764086503986, 0.7397676338131222], [0.5618715575754123, -0.8206814969883223, -0.10383753314089353]], "fy": 1670.882285160553, "fx": 1670.882285160553}, {"id": 52, "img_name": "0053.jpg", "width": 1920, "height": 1440, "position": [0.9881065029847701, 0.11024880452313181, 0.8540875757695938], "rotation": [[0.48481403604475526, 0.5082325669596344, -0.7117970274843913], [0.6318240104999784, 0.3592330807000421, 0.6868406026775646], [0.6047758016072714, -0.7827204172706739, -0.1469522989881564]], "fy": 1670.882285160553, "fx": 1670.882285160553}, {"id": 53, "img_name": "0054.jpg", "width": 1920, "height": 1440, "position": [1.021177735452409, 0.17546959708125445, 0.8317380787894081], "rotation": [[0.3984647480351646, 0.5415796356594732, -0.7402143897630099], [0.626580295018796, 0.42862962370742, 0.650902281125665], [0.669793235608894, -0.7231653641591166, -0.16854933287670001]], "fy": 1670.882285160553, "fx": 1670.882285160553}, {"id": 54, "img_name": "0055.jpg", "width": 1920, "height": 1440, "position": [1.0323988217678453, 0.2254637324938793, 0.8403180742753064], "rotation": [[0.35383379142784155, 0.5502411699706709, -0.7563308157896955], [0.6256436652941094, 0.4618526817774069, 0.6286987389937804], [0.6952493452863879, -0.6956484422496215, -0.18083581690175332]], "fy": 1670.882285160553, "fx": 1670.882285160553}, {"id": 55, "img_name": "0056.jpg", "width": 1920, "height": 1440, "position": [1.0450510366485812, 0.2778228169930824, 0.8634392380249841], "rotation": [[0.32275059260544714, 0.5491204857110181, -0.7709077423046988], [0.6326587606116735, 0.48063821245475913, 0.6072312585412534], [0.703970842857951, -0.6837057853351755, -0.1922796180178167]], "fy": 1670.882285160553, "fx": 1670.882285160553}, {"id": 56, "img_name": "0057.jpg", "width": 1920, "height": 1440, "position": [1.042550869803141, 0.3064655392819069, 0.8996601243940231], "rotation": [[0.2960491446375739, 0.5537878049486198, -0.7782505837129516], [0.6287389904887873, 0.5003813195499496, 0.5952359337981804], [0.7190564552234416, -0.6655355754094897, -0.2000505237830136]], "fy": 1670.882285160553, "fx": 1670.882285160553}, {"id": 57, "img_name": "0058.jpg", "width": 1920, "height": 1440, "position": [1.0344121490164098, 0.3355679953884451, 0.9426477918218221], "rotation": [[0.2683221004927417, 0.5591034464507665, -0.784478544355445], [0.6285117463233985, 0.515538156178445, 0.582403120061733], [0.7300522139687512, -0.6493256083745692, -0.2130728025542465]], "fy": 1670.882285160553, "fx": 1670.882285160553}, {"id": 58, "img_name": "0059.jpg", "width": 1920, "height": 1440, "position": [1.0239538829207615, 0.3464940125856859, 0.9785146997284873], "rotation": [[0.23075838704931795, 0.5622604327052416, -0.7941119396032981], [0.6299412221041802, 0.5356809783232369, 0.5623343721990964], [0.7415690281425524, -0.6300072184322766, -0.23057814558829434]], "fy": 1670.882285160553, "fx": 1670.882285160553}, {"id": 59, "img_name": "0060.jpg", "width": 1920, "height": 1440, "position": [1.0072299292555498, 0.35208889170109353, 0.9975158408517677], "rotation": [[0.18357285764407075, 0.5664195788285914, -0.8034113931579707], [0.6282298309399706, 0.5610106695923973, 0.5390679995331069], [0.7560610328892275, -0.6036852568376432, -0.25285534446268554]], "fy": 1670.882285160553, "fx": 1670.882285160553}, {"id": 60, "img_name": "0061.jpg", "width": 1920, "height": 1440, "position": [1.0029606738069188, 0.3852758302494204, 1.0186370663330067], "rotation": [[0.13464954635547707, 0.5688100797872118, -0.8113720433923823], [0.6254622719612537, 0.5863044065164735, 0.5148243285358922], [0.7685482717561279, -0.5768034639561654, -0.27682362245451103]], "fy": 1670.882285160553, "fx": 1670.882285160553}, {"id": 61, "img_name": "0062.jpg", "width": 1920, "height": 1440, "position": [0.997411979024566, 0.3975087022951605, 1.0402142123569698], "rotation": [[0.09025496658865167, 0.5666680388254413, -0.8189880187034542], [0.6182383616732645, 0.6128314279496054, 0.4921574636971435], [0.7807915017222198, -0.5507494663555976, -0.29502483988197536]], "fy": 1670.882285160553, "fx": 1670.882285160553}, {"id": 62, "img_name": "0063.jpg", "width": 1920, "height": 1440, "position": [1.006509749577385, 0.4207079764538558, 1.0632021323222232], "rotation": [[0.054173509370929594, 0.5696564442485986, -0.8200955837025833], [0.6048271233423239, 0.6347735895013995, 0.480881108945816], [0.7945120400295308, -0.522067070018357, -0.3101557554690241]], "fy": 1670.882285160553, "fx": 1670.882285160553}, {"id": 63, "img_name": "0064.jpg", "width": 1920, "height": 1440, "position": [1.0218544356064527, 0.42863684004550695, 1.0843718726496248], "rotation": [[0.019200432909454033, 0.567317068661881, -0.8232755838605811], [0.5890314510754289, 0.6589362671837897, 0.4678086632736378], [0.8078819796356795, -0.49391734065001597, -0.32151573458409805]], "fy": 1670.882285160553, "fx": 1670.882285160553}, {"id": 64, "img_name": "0065.jpg", "width": 1920, "height": 1440, "position": [1.030509021135881, 0.447378125219265, 1.1097647742056695], "rotation": [[-0.022964433045642437, 0.5670189356728403, -0.8233845768553909], [0.5787913879464647, 0.6790784973496179, 0.4515007460418972], [0.8151522336679798, -0.4661994433993076, -0.3437803294551311]], "fy": 1670.882285160553, "fx": 1670.882285160553}, {"id": 65, "img_name": "0066.jpg", "width": 1920, "height": 1440, "position": [1.0143986334981787, 0.4730133811301737, 1.1285235519579933], "rotation": [[-0.06664326918188011, 0.5620671617888499, -0.8244023170220829], [0.5786996146726795, 0.6948481253960479, 0.4269576543537901], [0.812813281541612, -0.4486274493075797, -0.37157500060866766]], "fy": 1670.882285160553, "fx": 1670.882285160553}, {"id": 66, "img_name": "0067.jpg", "width": 1920, "height": 1440, "position": [1.0062501539788278, 0.48500727876912675, 1.1689245881392125], "rotation": [[-0.1114104432560498, 0.5530153905908413, -0.8256886161884208], [0.5777967599346925, 0.7120402166465091, 0.39893562649500686], [0.8085410424600977, -0.43263461217019084, -0.398859217030128]], "fy": 1670.882285160553, "fx": 1670.882285160553}, {"id": 67, "img_name": "0068.jpg", "width": 1920, "height": 1440, "position": [1.0121648190064854, 0.5109110340608989, 1.1859997118571675], "rotation": [[-0.15913945309238345, 0.538801104260158, -0.827265377323076], [0.5716877125629719, 0.7334515827116805, 0.36772535284128516], [0.8048899264955265, -0.41441783970500734, -0.424747054563373]], "fy": 1670.882285160553, "fx": 1670.882285160553}, {"id": 68, "img_name": "0069.jpg", "width": 1920, "height": 1440, "position": [0.9922857786330506, 0.5279375101820849, 1.200405359434495], "rotation": [[-0.1963658960563467, 0.5261990012512395, -0.8273784176229076], [0.563311710767574, 0.7512016169576546, 0.3440582032045072], [0.8025710880527014, -0.39851065451553885, -0.44392443823189087]], "fy": 1670.882285160553, "fx": 1670.882285160553}]